
Integration time is 1660812274.4733719826
3 measurements in queue.
------ FilterBase::processMeasurement (odom0_pose) ------
Filter is already initialized. Carrying out predict/correct loop...
Measurement time is 1660812274.3502128124, last measurement time is 1660812274.2982127666, delta is 0.0520000457763671875
           0           0           0           0           0           0           0           0.01        0           0           0           0           0
 0           0           0           0           0           0           0           0           0           0           0.01        0           0           0           0
 0           0           0           0           0           0           0           0           0           0           0           0.00073403  0           0           0
 0           0           0           0           0           0           0           0           0           0           0           0           0.01        0           0
 0           0 ---------------------- Ekf::predict ----------------------
delta is 0.0520000457763671875
state is [0.20397     0.0012322   0           0           0           0.0044114   0.35644     -5.9715e-05 0           0           0           -0.010007   -0.37559    -2.7076e-05 0           ]

---------- FilterBase::computeControlAcceleration ----------
Control value: 0
State value: 0.35644
Error: -0.35644
Same sign: false
Set point: 0
Decelerating: true
Limit: 1.3
Gain: 1
Final is -0.35644
---------- FilterBase::computeControlAcceleration ----------
Control value: 0
State value: -0.010007
Error: 0.010007
Same sign: false
Set point: 0
Decelerating: true
Limit: 4.5
Gain: 1
Final is 0.010007
Transfer function is:
[1           0           0           0           0           0           0.052       -0.00022939 0           0           0           0           0.001352    -5.9642e-06 0
 0           1           0           0           0           0           0.00022939  0.052       0           0           0           0           5.9642e-06  0.001352    0
 0           0           1           0           0           0           -0          0           0.052       0           0           0           -0          0           0.001352
 0           0           0           1           0           0           0           0           0           0.052       0           0           0           0           0
 0           0           0           0           1           0           0           0           0           0           0.052       -0          0           0           0
 0           0           0           0           0           1           0           0           0           0           0           0.052       0           0           0
 0           0           0           0           0           0           1           0           0           0           0           0           0.052       0           0
 0           0           0           0           0           0           0           1           0           0           0           0           0           0.052       0
 0           0           0           0           0           0           0           0           1           0           0           0           0           0           0.052
 0           0           0           0           0           0           0           0           0           1           0           0           0           0           0
 0           0           0           0           0           0           0           0           0           0           1           0           0           0           0
 0           0           0           0           0           0           0           0           0           0           0           1           0           0           0
 0           0           0           0           0           0           0           0           0           0           0           0           1           0           0
 0           0           0           0           0           0           0           0           0           0           0           0           0           1           0
 0           0           0           0           0           0           0           0           0           0           0           0           0           0           1           ]

Transfer function Jacobian is:
[1           0           0           0           0           -7.6382e-05 0.052       -0.00022939 0           0           0           0           0.001352    -5.9642e-06 0
 0           1           0           -0          0           0.018027    0.00022939  0.052       0           0           0           0           5.9642e-06  0.001352    0
 0           0           1           -3.1418e-06 -0.018027   0           -0          0           0.052       0           0           0           -0          0           0.001352
 0           0           0           1           -0.00052036 0           0           0           0           0.052       0           0           0           0           0
 0           0           0           0.00052036  1           0           0           0           0           0           0.052       -0          0           0           0
 0           0           0           0           0           1           0           0           0           0           0           0.052       0           0           0
 0           0           0           0           0           0           1           0           0           0           0           0           0.052       0           0
 0           0           0           0           0           0           0           1           0           0           0           0           0           0.052       0
 0           0           0           0           0           0           0           0           1           0           0           0           0           0           0.052
 0           0           0           0           0           0           0           0           0           1           0           0           0           0           0
 0           0           0           0           0           0           0           0           0           0           1           0           0           0           0
 0           0           0           0           0           0           0           0           0           0           0           1           0           0           0
 0           0           0           0           0           0           0           0           0           0           0           0           1           0           0
 0           0           0           0           0           0           0           0           0           0           0           0           0           1           0
 0           0           0           0           0           0           0           0           0           0           0           0           0           0           1           ]

Process noise covariance is:
[3.8019e-05  0           0           0           0           0           0           0           0           0           0           0           0           0           0
 0           0.00011327  0           0           0           0           0           0           0           0           0           0           0           0           0
 0           0           0.06        0           0           0           0           0           0           0           0           0           0           0           0
 0           0           0           0.03        0           0           0           0           0           0           0           0           0           0           0
 0           0           0           0           0.03        0           0           0           0           0           0           0           0           0           0
 0           0           0           0           0           0.00073403  0           0           0           0           0           0           0           0           0
 0           0           0           0           0           0           0.00038019  0           0           0           0           0           0           0           0
 0           0           0           0           0           0           0           0.025       0           0           0           0           0           0           0
 0           0           0           0           0           0           0           0           0.04        0           0           0           0           0           0
 0           0          0           0           0           0           0           0           0           0           0           0           0           0.01        0
 0           0           0           0           0           0           0           0           0           0           0           0           0           0           0.5         ]

Current state is:
[0.20397     0.0012322   0           0           0           0.0044114   0.35644     -5.9715e-05 0           0           0           -0.010007   -0.37559    -2.7076e-05 0           ]

Predicted state is:
[0.22202     0.0013087   0           0           0           0.0039181   0.3379      -6.1123e-05 0           0           0           -0.0094866  -0.35644    -2.7076e-05 0           ]

Current estimate error covariance is:
[0.0062776   -1.251e-05  0           0           0           -3.7951e-08 -1.6741e-05 6.1592e-08  0           0           0           -1.842e-09  -0.00033475 1.9925e-06  0
 -1.251e-05  0.103       0           0           0           7.4122e-06  -9.3448e-08 -2.5255e-06 0           0           0           3.3451e-07  -1.8731e-06 -0.00017898 0
 0           0           0.0030603   2.5261e-12  -6.5629e-09 0           0           0           1.7021e-08  -2.7783e-18 -1.8049e-14 0           0           0           4.3353e-10
 0           0           2.5261e-12  0.0015303   1.5321e-21  0           0           0           -9.4662e-20 1.6995e-08  -4.9816e-16 0           0           0           2.3832e-23
 0           0           -6.5629e-09 1.5321e-21  0.0015303   0           0           0           1.9287e-16  4.9816e-16  1.6995e-08  0           0           0           -4.8558e-20
 -3.7951e-08 7.4122e-06  0           0           0           0.00031142  0           0           0           0           0           2.3181e-05  0           0           0
 -1.6741e-05 -9.3448e-08 0           0           0           0           2.9884e-05  0           0           0           0           0           0.00019178  0           0
 6.1592e-08  -2.5255e-06 0           0           0           0           0           0.0013295   0           0           0           0           0           0.00082947  0
 0           0           1.7021e-08  -9.4662e-20 1.9287e-16  0           0           0           0.0020403   -2.3725e-22 -4.9685e-18 0           0           0           1.7001e-08
 0           0           -2.7783e-18 1.6995e-08  4.9816e-16  0           0           0           -2.3725e-22 0.00051033  -9.8917e-26 0           0           0           5.9733e-26
 0           0           -1.8049e-14 -4.9816e-16 1.6995e-08  0           0           0           -4.9685e-18 -9.8917e-26 0.00051033  0           0           0           1.2509e-21
 -1.842e-09  3.3451e-07  0           0           0           2.3181e-05  0           0           0           0           0           0.00012579  0           0           0
 -0.00033475 -1.8731e-06 0           0           0           0           0.00019178  0           0           0           0           0           0.0042547   0           0
 1.9925e-06  -0.00017898 0           0           0           0           0           0.00082947  0           0           0           0           0           0.016666    0
 0           0           4.3353e-10  2.3832e-23  -4.8558e-20 0           0           0           1.7001e-08  5.9733e-26  1.2509e-21  0           0           0           0.0255      ]

Predicted estimate error covariance is:
[0.0062771   -1.2533e-05 0           0           0           -6.1927e-08 -3.1516e-05 -1.5978e-07 0           0           0           -3.6126e-09 -0.00031902 1.7028e-06  0
 -1.2533e-05 0.10301     0           0           0           1.3065e-05  -1.7925e-07 6.1836e-05  0           0           0           7.5238e-07  -1.8038e-06 -0.00011332 0
 0           0           0.0061864   9.5533e-09  -2.7594e-05 0           0           0           0.00010791  -5.3407e-14 -3.0639e-10 0           0           0           3.4478e-05
 0           0           9.5533e-09  0.0030917   3.2008e-21  0           0           0           -1.9504e-19 2.6554e-05  -8.8443e-12 0           0           0           4.9103e-23
 0           0           -2.7594e-05 3.1479e-21  0.0030917   0           0           0           1.9261e-16  8.8443e-12  2.6554e-05  0           0           0           -4.8493e-20
 -6.1927e-08 1.3065e-05  0           0           0           0.00035235  0           0           0           0           0           2.9722e-05  0           0           0
 -3.1516e-05 -1.7925e-07 0           0           0           0           8.1104e-05  0           0           0           0           0           0.00041303  0           0
 -1.5978e-07 6.1836e-05  0           0           0           0           0           0.0027608   0           0           0           0           0           0.0016961   0
 0           0           0.00010791  -1.9504e-19 1.9261e-16  0           0           0           0.0041893   -2.3725e-22 -4.9684e-18 0           0           0           0.001326
 0           0           -5.3407e-14 2.6554e-05  8.8443e-12  0           0           0           -2.3725e-22 0.0010303   -9.8917e-26 0           0           0           5.9733e-26
 0           0           -3.0639e-10 -8.8443e-12 2.6554e-05  0           0           0           -4.9684e-18 -9.8917e-26 0.0010303   0           0           0           1.2509e-21
 -3.6126e-09 7.5238e-07  0           0           0           2.9722e-05  0           0           0           0           0           0.00016395  0           0           0
 -0.00031902 -1.8038e-06 0           0           0           0           0.00041303  0           0           0           0           0           0.0047747   0           0
 1.7028e-06  -0.00011332 0           0           0           0           0           0.0016961   0           0           0           0           0           0.017186    0
 0           0           3.4478e-05  4.9103e-23  -4.8493e-20 0           0           0           0.001326    5.9733e-26  1.2509e-21  0           0           0           0.0515      ]


--------------------- /Ekf::predict ----------------------
---------------------- Ekf::correct ----------------------
State is:
[0.22202     0.0013087   0           0           0           0.0039181   0.3379      -6.1123e-05 0           0           0           -0.0094866  -0.35644    -2.7076e-05 0           ]

Topic is:
odom0_pose
Measurement is:
[0           0           0           0           0           0           0.25837     -0.00029634 0           0           0           -0.025377   0           0           0           ]

Measurement topic name is:
odom0_pose

Measurement covariance is:
[0           0           0           0           0           0           0           0           0           0           0           0           0           0           0
 0           0           0           0           0           0           0           0           0           0           0           0           0           0           0
 0           0           1e-06       0           0           0           0           0           0           0           0           0           0           0           0
 0           0           0           1e-06       0           0           0           0           0           0           0           0           0           0           0
 0           0           0           0           1e-06       0           0           0           0           0           0           0           0           0           0
 0           0           0           0           0           0           0           0           0           0           0           0           0           0           0
 0           0           0           0           0           0           6.858e-07   0           0           0           0           0           0           0           0
 0           0           0           0           0           0           0           1.2143e-05  0           0           0           0           0           0           0
 0           0           0           0           0           0           0           0           1e-06       0           0           0           0           0           0
 0           0           0           0           0           0           0           0           0           1e-06       0           0           0           0           0
 0           0           0           0           0           0           0           0           0           0           1e-06       0           0           0           0
 0           0           0           0           0           0           0           0           0           0           0           0.00010548  0           0           0
 0           0           0           0           0           0           0           0           0           0           0           0           0           0           0
 0           0           0           0           0           0           0           0           0           0           0           0           0           0           0
 0           0           0           0           0           0           0           0           0           0           0           0           0           0           1e-06       ]

Update indices are:
[2           3           4           6           7           8           9           10          11          14          ]

Current state subset is:
[0           0           0           0.3379      -6.1123e-05 0           0           0           -0.0094866  0           ]

Measurement subset is:
[0           0           0           0.25837     -0.00029634 0           0           0           -0.025377   0           ]

Measurement covariance subset is:
[1e-06       0           0           0           0           0           0           0           0           0
 0           1e-06       0           0           0           0           0           0           0           0
 0           0           1e-06       0           0           0           0           0           0           0
 0           0           0           6.858e-07   0           0           0           0           0           0
 0           0           0           0           1.2143e-05  0           0           0           0           0
 0           0           0           0           0           1e-06       0           0           0           0
 0           0           0           0           0           0           1e-06       0           0           0
 0           0           0           0           0           0           0           1e-06       0           0
 0           0           0           0           0           0           0           0           0.00010548  0
 0           0           0           0           0           0           0           0           0           1e-06       ]

State-to-measurement subset is:
[0           0           1           0           0           0           0           0           0           0           0           0           0           0           0
 0           0           0           1           0           0           0           0           0           0           0           0           0           0           0
 0           0           0           0           1           0           0           0           0           0           0           0           0           0           0
 0           0           0           0           0           0           1           0           0           0           0           0           0           0           0
 0           0           0           0           0           0           0           1           0           0           0           0           0           0           0
 0           0           0           0           0           0           0           0           1           0           0           0           0           0           0
 0           0           0           0           0           0           0           0           0           1           0           0           0           0           0
 0           0           0           0           0           0           0           0           0           0           1           0           0           0           0
 0           0           0           0           0           0           0           0           0           0           0           1           0           0           0
 0           0           0           0           0           0           0           0           0           0           0           0           0           0           1           ]

Innovation mahalanobis distance test failed. Squared Mahalanobis is: 78.263
Threshold is: 25
Innovation is: [0           0           0           -0.079527   -0.00023521 0           0           0           -0.015891   0           ]

Innovation covariance is:
[161.7       -0.00049959 1.443       0           0           -4.1637     1.2859e-05  -0.037106   0           -0.001045
 -0.00049959 323.41      -4.4584e-06 0           0           1.2864e-05  -8.3271     2.8881e-06  0           3.2287e-09
 1.443       -4.4584e-06 323.42      0           0           -0.037157   -2.6587e-06 -8.3274     0           -9.3256e-06
 0           0           0           12226       0           0           0           0           0           0
 0           0           0           0           360.63      0           0           0           0           0
 -4.1637     1.2864e-05  -0.037157   0           0           240.71      -3.3112e-07 0.00095547  0           -6.195
 1.2859e-05  -8.3271     -2.6587e-06 0           0           -3.3112e-07 969.83      -2.9509e-09 0           -8.3104e-11
 -0.037106   2.8881e-06  -8.3274     0           0           0.00095547  -2.9509e-09 969.83      0           2.398e-07
 0           0           0           0           0           0           0           0           3711.4      0
 -0.001045   3.2287e-09  -9.3256e-06 0           0           -6.195      -8.3104e-11 2.398e-07   0           19.576      ]

------ /FilterBase::processMeasurement (odom0_pose) ------
------ FilterBase::processMeasurement (imu0_pose) ------
Filter is already initialized. Carrying out predict/correct loop...
Measurement time is 1660812274.3502128124, last measurement time is 1660812274.3502128124, delta is 0
---------------------- Ekf::correct ----------------------
State is:
[0.22202     0.0013087   0           0           0           0.0039181   0.3379      -6.1123e-05 0           0           0           -0.0094866  -0.35644    -2.7076e-05 0           ]

Topic is:
imu0_pose
Measurement is:
[0           0           0           0           0           0.0068116   0           0           0           0           0           0           0           0           0           ]

Measurement topic name is:
imu0_pose

Measurement covariance is:
[0           0           0           0           0           0           0           0           0           0           0           0           0           0           0
 0           0           0           0           0           0           0           0           0           0           0           0           0           0           0
 0           0           1e-06       0           0           0           0           0           0           0           0           0           0           0           0
 0           0           0           1e-06       0           0           0           0           0           0           0           0           0           0           0
 0           0           0           0           1e-06       0           0           0           0           0           0           0           0           0           0
 0           0           0           0           0           0.0011719   0           0           0           0           0           0           0           0           0
 0           0           0           0           0           0           0           0           0           0           0           0           0           0           0
 0           0           0           0           0           0           0           0           0           0           0           0           0           0           0
 0           0           0           0           0           0           0           0           1e-06       0           0           0           0           0           0
 0           0           0           0           0           0           0           0           0           1e-06       0           0           0           0           0
 0           0           0           0           0           0           0           0           0           0           1e-06       0           0           0           0
 0           0           0           0           0           0           0           0           0           0           0           0           0           0           0
 0           0           0           0           0           0           0           0           0           0           0           0           0           0           0
 0           0           0           0           0           0           0           0           0           0           0           0           0           0           0
 0           0           0           0           0           0           0           0           0           0           0           0           0           0           1e-06       ]

Update indices are:
[2           3           4           5           8           9           10          14          ]

Current state subset is:
[0           0           0           0.0039181   0           0           0           0           ]

Measurement subset is:
[0           0           0           0.0068116   0           0           0           0           ]

Measurement covariance subset is:
[1e-06       0           0           0           0           0           0           0
 0           1e-06       0           0           0           0           0           0
 0           0           1e-06       0           0           0           0           0
 0           0           0           0.0011719   0           0           0           0
 0           0           0           0           1e-06       0           0           0
 0           0           0           0           0           1e-06       0           0
 0           0           0           0           0           0           1e-06       0
 0           0           0           0           0           0           0           1e-06       ]

State-to-measurement subset is:
[0           0           1           0           0           0           0           0           0           0           0           0           0           0           0
 0           0           0           1           0           0           0           0           0           0           0           0           0           0           0
 0           0           0           0           1           0           0           0           0           0           0           0           0           0           0
 0           0           0           0           0           1           0           0           0           0           0           0           0           0           0
 0           0           0           0           0           0           0           0           1           0           0           0           0           0           0
 0           0           0           0           0           0           0           0           0           1           0           0           0           0           0
 0           0           0           0           0           0           0           0           0           0           1           0           0           0           0
 0           0           0           0           0           0           0           0           0           0           0           0           0           0           1           ]

Kalman gain subset is:
[0           0           0           -4.0628e-05 0           0           0           0
 0           0           0           0.0085716   0           0           0           0
 0.99984     4.9959e-10  -1.443e-06  0           4.1637e-06  -1.2859e-11 3.7106e-08  1.045e-09
 4.9959e-10  0.99968     4.4584e-12  0           -1.2864e-11 8.3271e-06  -2.8881e-12 -3.2287e-15
 -1.443e-06  4.4584e-12  0.99968     0           3.7157e-08  2.6587e-12  8.3274e-06  9.3256e-12
 0           0           0           0.23116     0           0           0           0
 0           0           0           0           0           0           0           0
 0           0           0           0           0           0           0           0
 4.1637e-06  -1.2864e-11 3.7157e-08  0           0.99976     3.3112e-13  -9.5547e-10 6.195e-06
 -1.2859e-11 8.3271e-06  2.6587e-12  0           3.3112e-13  0.99903     2.9509e-15  8.3104e-17
 3.7106e-08  -2.8881e-12 8.3274e-06  0           -9.5547e-10 2.9509e-15  0.99903     -2.398e-13
 0           0           0           0.019499    0           0           0           0
 0           0           0           0           0           0           0           0
 0           0           0           0           0           0           0           0
 1.045e-09   -3.2287e-15 9.3256e-12  0           6.195e-06   8.3104e-17  -2.398e-13  0.99998     ]

Innovation is:
[0           0           0           0.0028935   0           0           0           0           ]

Corrected full state is:
[0.22202     0.0013335   0           0           0           0.004587    0.3379      -6.1123e-05 0           0           0           -0.0094302  -0.35644    -2.7076e-05 0           ]

Corrected full estimate error covariance is:
[0.0062771   -1.2533e-05 0           0           0           -4.7612e-08 -3.1516e-05 -1.5978e-07 0           0           0           -2.4051e-09 -0.00031902 1.7028e-06  0
 -1.2533e-05 0.10301     0           0           0           1.0045e-05  -1.7925e-07 6.1836e-05  0           0           0           4.9762e-07  -1.8038e-06 -0.00011332 0
 0           0           9.9984e-07  4.9959e-16  -1.443e-12  0           0           0           4.1637e-12  -1.2859e-17 3.7106e-14  0           0           0           1.045e-15
 0           0           4.9959e-16  9.9968e-07  4.4584e-18  0           0           0           -1.2864e-17 8.3271e-12  -2.8881e-18 0           0           0           -3.2287e-21
 0           0           -1.443e-12  4.4584e-18  9.9968e-07  0           0           0           3.7157e-14  2.6587e-18  8.3274e-12  0           0           0           9.3256e-18
 -4.7612e-08 1.0045e-05  0           0           0           0.0002709   0           0           0           0           0           2.2851e-05  0           0           0
 -3.1516e-05 -1.7925e-07 0           0           0           0           8.1104e-05  0           0           0           0           0           0.00041303  0           0
 -1.5978e-07 6.1836e-05  0           0           0           0           0           0.0027608   0           0           0           0           0           0.0016961   0
 0           0           4.1637e-12  -1.2864e-17 3.7157e-14  0           0           0           9.9976e-07  3.3112e-19  -9.5547e-16 0           0           0           6.195e-12
 0           0           -1.2859e-17 8.3271e-12  2.6587e-18  0           0           0           3.3112e-19  9.9903e-07  2.9509e-21  0           0           0           8.3104e-23
 0           0           3.7106e-14  -2.8881e-18 8.3274e-12  0           0           0           -9.5547e-16 2.9509e-21  9.9903e-07  0           0           0           -2.398e-19
 -2.4051e-09 4.9762e-07  0           0           0           2.2851e-05  0           0           0           0           0           0.00016338  0           0           0
 -0.00031902 -1.8038e-06 0           0           0           0           0.00041303  0           0           0           0           0           0.0047747   0           0
 1.7028e-06  -0.00011332 0           0           0           0           0           0.0016961   0           0           0           0           0           0.017186    0
 0           0           1.045e-15   -3.2287e-21 9.3256e-18  0           0           0           6.195e-12   8.3104e-23  -2.398e-19  0           0           0           9.9998e-07  ]


---------------------- /Ekf::correct ----------------------
------ /FilterBase::processMeasurement (imu0_pose) ------
------ FilterBase::processMeasurement (imu0_twist) ------
Filter is already initialized. Carrying out predict/correct loop...
Measurement time is 1660812274.3502128124, last measurement time is 1660812274.3502128124, delta is 0
---------------------- Ekf::correct ----------------------
State is:
[0.22202     0.0013335   0           0           0           0.004587    0.3379      -6.1123e-05 0           0           0           -0.0094302  -0.35644    -2.7076e-05 0           ]

Topic is:
imu0_twist
Measurement is:
[0           0           0           0           0           0           0           0           0           0           0           0.06811     0           0           0           ]

Measurement topic name is:
imu0_twist

Measurement covariance is:
[0           0           0           0           0           0           0           0           0           0           0           0           0           0           0
 0           0           0           0           0           0           0           0           0           0           0           0           0           0           0
 0           0           1e-06       0           0           0           0           0           0           0           0           0           0           0           0
 0           0           0           1e-06       0           0           0           0           0           0           0           0           0           0           0
 0           0           0           0           1e-06       0           0           0           0           0           0           0           0           0           0
 0           0           0           0           0           0           0           0           0           0           0           0           0           0           0
 0           0           0           0           0           0           0           0           0           0           0           0           0           0           0
 0           0           0           0           0           0           0           0           0           0           0           0           0           0           0
 0           0           0           0           0           0           0           0           1e-06       0           0           0           0           0           0
 0           0           0           0           0           0           0           0           0           1e-06       0           0           0           0           0
 0           0           0           0           0           0           0           0           0           0           1e-06       0           0           0           0
 0           0           0           0           0           0           0           0           0           0           0           0.015467    0           0           0
 0           0           0           0           0           0           0           0           0           0           0           0           0           0           0
 0           0           0           0           0           0           0           0           0           0           0           0           0           0           0
 0           0           0           0           0           0           0           0           0           0           0           0           0           0           1e-06       ]

Update indices are:
[2           3           4           8           9           10          11          14          ]

Current state subset is:
[0           0           0           0           0           0           -0.0094302  0           ]

Measurement subset is:
[0           0           0           0           0           0           0.06811     0           ]

Measurement covariance subset is:
[1e-06       0           0           0           0           0           0           0
 0           1e-06       0           0           0           0           0           0
 0           0           1e-06       0           0           0           0           0
 0           0           0           1e-06       0           0           0           0
 0           0           0           0           1e-06       0           0           0
 0           0           0           0           0           1e-06       0           0
 0           0           0           0           0           0           0.015467    0
 0           0           0           0           0           0           0           1e-06       ]

State-to-measurement subset is:
[0           0           1           0           0           0           0           0           0           0           0           0           0           0           0
 0           0           0           1           0           0           0           0           0           0           0           0           0           0           0
 0           0           0           0           1           0           0           0           0           0           0           0           0           0           0
 0           0           0           0           0           0           0           0           1           0           0           0           0           0           0
 0           0           0           0           0           0           0           0           0           1           0           0           0           0           0
 0           0           0           0           0           0           0           0           0           0           1           0           0           0           0
 0           0           0           0           0           0           0           0           0           0           0           1           0           0           0
 0           0           0           0           0           0           0           0           0           0           0           0           0           0           1           ]

Kalman gain subset is:
[0           0           0           0           0           0           -1.5387e-07 0
 0           0           0           0           0           0           3.1836e-05  0
 0.49996     1.2493e-10  -3.6084e-07 1.0411e-06  -3.2172e-12 9.2833e-09  0           2.5805e-10
 1.2493e-10  0.49992     1.1151e-12  -3.2173e-12 2.0831e-06  -7.225e-13  0           -7.974e-16
 -3.6084e-07 1.1151e-12  0.49992     9.2927e-09  6.651e-13   2.0832e-06  0           2.3032e-12
 0           0           0           0           0           0           0.0014619   0
 0           0           0           0           0           0           0           0
 0           0           0           0           0           0           0           0
 1.0411e-06  -3.2173e-12 9.2927e-09  0.49994     8.2851e-14  -2.3907e-10 0           1.549e-06
 -3.2172e-12 2.0831e-06  6.651e-13   8.2851e-14  0.49976     7.3874e-16  0           2.0535e-17
 9.2833e-09  -7.225e-13  2.0832e-06  -2.3907e-10 7.3874e-16  0.49976     0           -5.9254e-14
 0           0           0           0           0           0           0.010452    0
 0           0           0           0           0           0           0           0
 0           0           0           0           0           0           0           0
 2.5805e-10  -7.974e-16  2.3032e-12  1.549e-06   2.0535e-17  -5.9254e-14 0           0.5         ]

Innovation is:
[0           0           0           0           0           0           0.077541    0           ]

Corrected full state is:
[0.22202     0.001336    0           0           0           0.0047003   0.3379      -6.1123e-05 0           0           0           -0.0086197  -0.35644    -2.7076e-05 0           ]

Corrected full estimate error covariance is:
[0.0062771   -1.2533e-05 0           0           0           -4.7608e-08 -3.1516e-05 -1.5978e-07 0           0           0           -2.3799e-09 -0.00031902 1.7028e-06  0
 -1.2533e-05 0.10301     0           0           0           1.0044e-05  -1.7925e-07 6.1836e-05  0           0           0           4.9242e-07  -1.8038e-06 -0.00011332 0
 0           0           4.9996e-07  1.2493e-16  -3.6084e-13 0           0           0           1.0411e-12  -3.2172e-18 9.2833e-15  0           0           0           2.5805e-16
 0           0           1.2493e-16  4.9992e-07  1.1151e-18  0           0           0           -3.2173e-18 2.0831e-12  -7.225e-19  0           0           0           -7.974e-22
 0           0           -3.6084e-13 1.1151e-18  4.9992e-07  0           0           0           9.2927e-15  6.651e-19   2.0832e-12  0           0           0           2.3032e-18
 -4.7608e-08 1.0044e-05  0           0           0           0.00027086  0           0           0           0           0           2.2612e-05  0           0           0
 -3.1516e-05 -1.7925e-07 0           0           0           0           8.1104e-05  0           0           0           0           0           0.00041303  0           0
 -1.5978e-07 6.1836e-05  0           0           0           0           0           0.0027608   0           0           0           0           0           0.0016961   0
 0           0           1.0411e-12  -3.2173e-18 9.2927e-15  0           0           0           4.9994e-07  8.2851e-20  -2.3907e-16 0           0           0           1.549e-12
 0           0           -3.2172e-18 2.0831e-12  6.651e-19   0           0           0           8.2851e-20  4.9976e-07  7.3874e-22  0           0           0           2.0535e-23
 0           0           9.2833e-15  -7.225e-19  2.0832e-12  0           0           0           -2.3907e-16 7.3874e-22  4.9976e-07  0           0           0           -5.9254e-20
 -2.3799e-09 4.9242e-07  0           0           0           2.2612e-05  0           0           0           0           0           0.00016167  0           0           0
 -0.00031902 -1.8038e-06 0           0           0           0           0.00041303  0           0           0           0           0           0.0047747   0           0
 1.7028e-06  -0.00011332 0           0           0           0           0           0.0016961   0           0           0           0           0           0.017186    0
 0           0           2.5805e-16  -7.974e-22  2.3032e-18  0           0           0           1.549e-12   2.0535e-23  -5.9254e-20 0           0           0           5e-07       ]


---------------------- /Ekf::correct ----------------------
------ /FilterBase::processMeasurement (imu0_twist) ------
Saved state with timestamp 1660812274.3502128124 to history. 3 measurements are in the queue.

----- /RosFilter::integrateMeasurements ------

----- RosFilter::clearExpiredHistory -----
Cutoff time is 1660812274.2502129078

Popped 3 measurements and 1 states from their respective queues.
---- /RosFilter::clearExpiredHistory ----
------ RosFilter::odometryCallback (odom0) ------
Odometry message:
header:
  seq: 94
  stamp: 1660812274.401212825
  frame_id: odom
child_frame_id:
pose:
  pose:
    position:
      x: 0.48530519008636474609
      y: -0.0066972589120268821716
      z: 0
    orientation:
      x: 0
      y: 0
      z: -0.0075909762826239001246
      w: 0.99997118812447627345
  covariance[]
    covariance[0]: 6.5941839624159401441e-06
    covariance[1]: 0
    covariance[2]: 0
    covariance[3]: 0
    covariance[4]: 0
    covariance[5]: 0
    covariance[6]: 0
    covariance[7]: 0.00011676237024532000301
    covariance[8]: 0
    covariance[9]: 0
    covariance[10]: 0
    covariance[11]: 0
    covariance[12]: 0
    covariance[13]: 0
    covariance[14]: 0.0050000000000000001041
    covariance[15]: 0
    covariance[16]: 0
    covariance[17]: 0
    covariance[18]: 0
    covariance[19]: 0
    covariance[20]: 0
    covariance[21]: 0.0050000000000000001041
    covariance[22]: 0
    covariance[23]: 0
    covariance[24]: 0
    covariance[25]: 0
    covariance[26]: 0
    covariance[27]: 0
    covariance[28]: 0.0050000000000000001041
    covariance[29]: 0
    covariance[30]: 0
    covariance[31]: 0
    covariance[32]: 0
    covariance[33]: 0
    covariance[34]: 0
    covariance[35]: 0.0010142516079590900568
twist:
  twist:
    linear:
      x: 0
      y: 0
      z: 0
    angular:
      x: 0
      y: 0
      z: 0
  covariance[]
    covariance[0]: 0
    covariance[1]: 0
    covariance[2]: 0
    covariance[3]: 0
    covariance[4]: 0
    covariance[5]: 0
    covariance[6]: 0
    covariance[7]: 0
    covariance[8]: 0
    covariance[9]: 0
    covariance[10]: 0
    covariance[11]: 0
    covariance[12]: 0
    covariance[13]: 0
    covariance[14]: 0
    covariance[15]: 0
    covariance[16]: 0
    covariance[17]: 0
    covariance[18]: 0
    covariance[19]: 0
    covariance[20]: 0
    covariance[21]: 0
    covariance[22]: 0
    covariance[23]: 0
    covariance[24]: 0
    covariance[25]: 0
    covariance[26]: 0
    covariance[27]: 0
    covariance[28]: 0
    covariance[29]: 0
    covariance[30]: 0
    covariance[31]: 0
    covariance[32]: 0
    covariance[33]: 0
    covariance[34]: 0
    covariance[35]: 0
------ RosFilter::poseCallback (odom0_pose) ------
Pose message:
header:
  seq: 94
  stamp: 1660812274.401212825
  frame_id: odom
pose:
  pose:
    position:
      x: 0.48530519008636474609
      y: -0.0066972589120268821716
      z: 0
    orientation:
      x: 0
      y: 0
      z: -0.0075909762826239001246
      w: 0.99997118812447627345
  covariance[]
    covariance[0]: 6.5941839624159401441e-06
    covariance[1]: 0
    covariance[2]: 0
    covariance[3]: 0
    covariance[4]: 0
    covariance[5]: 0
    covariance[6]: 0
    covariance[7]: 0.00011676237024532000301
    covariance[8]: 0
    covariance[9]: 0
    covariance[10]: 0
    covariance[11]: 0
    covariance[12]: 0
    covariance[13]: 0
    covariance[14]: 0.0050000000000000001041
    covariance[15]: 0
    covariance[16]: 0
    covariance[17]: 0
    covariance[18]: 0
    covariance[19]: 0
    covariance[20]: 0
    covariance[21]: 0.0050000000000000001041
    covariance[22]: 0
    covariance[23]: 0
    covariance[24]: 0
    covariance[25]: 0
    covariance[26]: 0
    covariance[27]: 0
    covariance[28]: 0.0050000000000000001041
    covariance[29]: 0
    covariance[30]: 0
    covariance[31]: 0
    covariance[32]: 0
    covariance[33]: 0
    covariance[34]: 0
    covariance[35]: 0.0010142516079590900568
Update vector for odom0_pose is:
[t  t  f  f  f  t  f  f  f  f  f  f  f  f  f  ]
------ RosFilter::preparePose (odom0_pose) ------
Final target frame for odom0_pose is odom
After rotating into the odom frame, covariance is
[6.5942e-06  0           0           0           0           0
 0           0.00011676  0           0           0           0
 0           0           0.005       0           0           0
 0           0           0           0.005       0           0
 0           0           0           0           0.005       0
 0           0           0           0           0           0.0010143   ]

Previous measurement:
Origin: (0.46988141536712646484 -0.0064630713313817977905 0)
Rotation (RPY): (0, 0, -0.014851937070488931483)

After removing previous measurement, measurement delta is:
Origin: (0.015425551673468984593 -5.0972424409754938431e-06 0)
Rotation (RPY): (0, 0, -0.00033016130328178600918)

After rotating to the target frame, measurement delta is:
Origin: (0.015425551673468984593 -5.0972424409754938431e-06 0)
Rotation (RPY): (0, 0, -0.00033016130328178600918)

Previous message time was 1660812274.3502128124, current message time is 1660812274.4012129307, delta is 0.051000118255615234375, velocity is (vX, vY, vZ): (0.30246109619109745603, -9.9945698467361401558e-05, 0)
(vRoll, vPitch, vYaw): (0, 0, -0.0064737360338460482601)
Previous measurement covariance:
[6.5942e-06  0           0           0           0           0
 0           0.00011676  0           0           0           0
 0           0           0.005       0           0           0
 0           0           0           0.005       0           0
 0           0           0           0           0.005       0
 0           0           0           0           0           0.0010143   ]

Previous measurement covariance rotated:
[6.5942e-06  0           0           0           0           0
 0           0.00011676  0           0           0           0
 0           0           0.005       0           0           0
 0           0           0           0.005       0           0
 0           0           0           0           0.005       0
 0           0           0           0           0           0.0010143   ]

Final twist covariance:
[6.7261e-07  0           0           0           0           0
 0           1.191e-05   0           0           0           0
 0           0           0.00051     0           0           0
 0           0           0           0.00051     0           0
 0           0           0           0           0.00051     0
 0           0           0           0           0           0.00010345  ]

------ RosFilter::prepareTwist (odom0_pose_twist) ------
Original measurement as tf object:
Linear: (0.30246109619109745603 -9.9945698467361401558e-05 0)
Rotational: (0 0 -0.0064737360338460482601)

Original update vector:
[f  f  f  f  f  f  t  t  f  f  f  t  f  f  f  ]

Original covariance matrix:
[6.7261e-07  0           0           0           0           0
 0           1.191e-05   0           0           0           0
 0           0           0.00051     0           0           0
 0           0           0           0.00051     0           0
 0           0           0           0           0.00051     0
 0           0           0           0           0           0.00010345  ]

base_link->base_link transform:
Origin: (0 0 0)
Rotation (RPY): (0, -0, 0)

After applying transform to base_link, update vector is:
[f  f  f  f  f  f  t  t  f  f  f  t  f  f  f  ]

After applying transform to base_link, measurement is:
Linear: (0.30246109619109745603 -9.9945698467361401558e-05 0)
Rotational: (0 0 -0.0064737360338460482601)

Transformed covariance is
[6.7261e-07  0           0           0           0           0
 0           1.191e-05   0           0           0           0
 0           0           0.00051     0           0           0
 0           0           0           0.00051     0           0
 0           0           0           0           0.00051     0
 0           0           0           0           0           0.00010345  ]


----- /RosFilter::prepareTwist (odom0_pose_twist) ------

----- /RosFilter::preparePose (odom0_pose) ------
Enqueued new measurement for odom0_pose
Last message time for odom0_pose is now 1660812274.401212825

----- /RosFilter::poseCallback (odom0_pose) ------

----- /RosFilter::odometryCallback (odom0) ------
------ RosFilter::integrateMeasurements ------

Integration time is 1660812274.5233902931
1 measurements in queue.
------ FilterBase::processMeasurement (odom0_pose) ------
Filter is already initialized. Carrying out predict/correct loop...
Measurement time is 1660812274.4012129307, last measurement time is 1660812274.3502128124, delta is 0.051000118255615234375
---------------------- Ekf::predict ----------------------
delta is 0.051000118255615234375
state is [0.22202     0.001336    0           0           0           0.0047003   0.3379      -6.1123e-05 0           0           0           -0.0086197  -0.35644    -2.7076e-05 0           ]

---------- FilterBase::computeControlAcceleration ----------
Control value: 0
State value: 0.3379
Error: -0.3379
Same sign: false
Set point: 0
Decelerating: true
Limit: 1.3
Gain: 1
Final is -0.3379
---------- FilterBase::computeControlAcceleration ----------
Control value: 0
State value: -0.0086197
Error: 0.0086197
Same sign: true
Set point: 0
Decelerating: true
Limit: 4.5
Gain: 1
Final is 0.0086197
Transfer function is:
[1           0           0           0           0           0           0.051       -0.00023972 0           0           0           0           0.0013005   -6.1128e-06 0
 0           1           0           0           0           0           0.00023972  0.051       0           0           0           0           6.1128e-06  0.0013005   0
 0           0           1           0           0           0           -0          0           0.051       0           0           0           -0          0           0.0013005
 0           0           0           1           0           0           0           0           0           0.051       0           0           0           0           0
 0           0           0           0           1           0           0           0           0           0           0.051       -0          0           0           0
 0           0           0           0           0           1           0           0           0           0           0           0.051       0           0           0
 0           0           0           0           0           0           1           0           0           0           0           0           0.051       0           0
 0           0           0           0           0           0           0           1           0           0           0           0           0           0.051       0
 0           0           0           0           0           0           0           0           1           0           0           0           0           0           0.051
 0           0           0           0           0           0           0           0           0           1           0           0           0           0           0
 0           0           0           0           0           0           0           0           0           0           1           0           0           0           0
 0           0           0           0           0           0           0           0           0           0           0           1           0           0           0
 0           0           0           0           0           0           0           0           0           0           0           0           1           0           0
 0           0           0           0           0           0           0           0           0           0           0           0           0           1           0
 0           0           0           0           0           0           0           0           0           0           0           0           0           0           1           ]

Transfer function Jacobian is:
[1           0           0           0           0           -7.5669e-05 0.051       -0.00023972 0           0           0           0           0.0013005   -6.1128e-06 0
 0           1           0           -0          0           0.016769    0.00023972  0.051       0           0           0           0           6.1128e-06  0.0013005   0
 0           0           1           -3.1525e-06 -0.016769   0           -0          0           0.051       0           0           0           -0          0           0.0013005
 0           0           0           1           -0.00043961 0           0           0           0           0.051       0           0           0           0           0
 0           0           0           0.00043961  1           0           0           0           0           0           0.051       -0          0           0           0
 0           0           0           0           0           1           0           0           0           0           0           0.051       0           0           0
 0           0           0           0           0           0           1           0           0           0           0           0           0.051       0           0
 0           0           0           0           0           0           0           1           0           0           0           0           0           0.051       0
 0           0           0           0           0           0           0           0           1           0           0           0           0           0           0.051
 0           0           0           0           0           0           0           0           0           1           0           0           0           0           0
 0           0           0           0           0           0           0           0           0           0           1           0           0           0           0
 0           0           0           0           0           0           0           0           0           0           0           1           0           0           0
 0           0           0           0           0           0           0           0           0           0           0           0           1           0           0
 0           0           0           0           0           0           0           0           0           0           0           0           0           1           0
 0           0           0           0           0           0           0           0           0           0           0           0           0           0           1           ]

Process noise covariance is:
[3.8019e-05  0           0           0           0           0           0           0           0           0           0           0           0           0           0
 0           0.00011327  0           0           0           0           0           0           0           0           0           0           0           0           0
 0           0           0.06        0           0           0           0           0           0           0           0           0           0           0           0
 0           0           0           0.03        0           0           0           0           0           0           0           0           0           0           0
 0           0           0           0           0.03        0           0           0           0           0           0           0           0           0           0
 0           0           0           0           0           0.00073403  0           0           0           0           0           0           0           0           0
 0           0           0           0           0           0           0.00038019  0           0           0           0           0           0           0           0
 0           0           0           0           0           0           0           0.025       0           0           0           0           0           0           0
 0           0           0           0           0           0           0           0           0.04        0           0           0           0           0           0
 0           0           0           0           0           0           0           0           0           0.01        0           0           0           0           0
 0           0           0           0           0           0           0           0           0           0           0.01        0           0           0           0
 0           0           0           0           0           0           0           0           0           0           0           0.00073403  0           0           0
 0           0           0           0           0           0           0           0           0           0           0           0           0.01        0           0
 0           0           0           0           0           0           0           0           0           0           0           0           0           0.01        0
 0           0           0           0           0           0           0           0           0           0           0           0           0           0           0.5         ]

Current state is:
[0.22202     0.001336    0           0           0           0.0047003   0.3379      -6.1123e-05 0           0           0           -0.0086197  -0.35644    -2.7076e-05 0           ]

Predicted state is:
[0.23881     0.0014118   0           0           0           0.0042832   0.32067     -6.2503e-05 0           0           0           -0.0081801  -0.3379     -2.7076e-05 0           ]

Current estimate error covariance is:
[0.0062771   -1.2533e-05 0           0           0           -4.7608e-08 -3.1516e-05 -1.5978e-07 0           0           0           -2.3799e-09 -0.00031902 1.7028e-06  0
 -1.2533e-05 0.10301     0           0           0           1.0044e-05  -1.7925e-07 6.1836e-05  0           0           0           4.9242e-07  -1.8038e-06 -0.00011332 0
 0           0           4.9996e-07  1.2493e-16  -3.6084e-13 0           0           0           1.0411e-12  -3.2172e-18 9.2833e-15  0           0           0           2.5805e-16
 0           0           1.2493e-16  4.9992e-07  1.1151e-18  0           0           0           -3.2173e-18 2.0831e-12  -7.225e-19  0           0           0           -7.974e-22
 0           0           -3.6084e-13 1.1151e-18  4.9992e-07  0           0           0           9.2927e-15  6.651e-19   2.0832e-12  0           0           0           2.3032e-18
 -4.7608e-08 1.0044e-05  0           0           0           0.00027086  0           0           0           0           0           2.2612e-05  0           0           0
 -3.1516e-05 -1.7925e-07 0           0           0           0           8.1104e-05  0           0           0           0           0           0.00041303  0           0
 -1.5978e-07 6.1836e-05  0           0           0           0           0           0.0027608   0           0           0           0           0           0.0016961   0
 0           0           1.0411e-12  -3.2173e-18 9.2927e-15  0           0           0           4.9994e-07  8.2851e-20  -2.3907e-16 0           0           0           1.549e-12
 0           0           -3.2172e-18 2.0831e-12  6.651e-19   0           0           0           8.2851e-20  4.9976e-07  7.3874e-22  0           0           0           2.0535e-23
 0           0           9.2833e-15  -7.225e-19  2.0832e-12  0           0           0           -2.3907e-16 7.3874e-22  4.9976e-07  0           0           0           -5.9254e-20
 -2.3799e-09 4.9242e-07  0           0           0           2.2612e-05  0           0           0           0           0           0.00016167  0           0           0
 -0.00031902 -1.8038e-06 0           0           0           0           0.00041303  0           0           0           0           0           0.0047747   0           0
 1.7028e-06  -0.00011332 0           0           0           0           0           0.0016961   0           0           0           0           0           0.017186    0
 0           0           2.5805e-16  -7.974e-22  2.3032e-18  0           0           0           1.549e-12   2.0535e-23  -5.9254e-20 0           0           0           5e-07       ]

Predicted estimate error covariance is:
[0.0062753   -1.2609e-05 0           0           0           -6.8313e-08 -4.1722e-05 -7.7122e-07 0           0           0           -4.091e-09  -0.00029175 1.1912e-06  0
 -1.2609e-05 0.10303     0           0           0           1.4631e-05  -2.4273e-07 0.00020462  0           0           0           8.7161e-07  -1.6756e-06 -4.4641e-06 0
 0           0           0.0030605   2.1097e-12  -8.3837e-09 0           0           0           2.5531e-08  -9.791e-18  -2.5663e-14 0           0           0           6.5033e-10
 0           0           2.1097e-12  0.0015305   2.5261e-18  0           0           0           -7.2982e-18 2.549e-08   -9.1651e-16 0           0           0           -1.8089e-21
 0           0           -8.3837e-09 2.5261e-18  0.0015305   0           0           0           9.2806e-15  9.1642e-16  2.549e-08   0           0           0           2.3002e-18
 -6.8313e-08 1.4631e-05  0           0           0           0.00031103  0           0           0           0           0           3.0857e-05  0           0           0
 -4.1722e-05 -2.4273e-07 0           0           0           0           0.00015504  0           0           0           0           0           0.00065654  0           0
 -7.7122e-07 0.00020462  0           0           0           0           0           0.0042535   0           0           0           0           0           0.0025726   0
 0           0           2.5531e-08  -7.2982e-18 9.2806e-15  0           0           0           0.0020405   8.2852e-20  -2.3907e-16 0           0           0           2.5501e-08
 0           0           -9.791e-18  2.549e-08   9.1642e-16  0           0           0           8.2852e-20  0.0005105   7.3874e-22  0           0           0           2.0535e-23
 0           0           -2.5663e-14 -9.1651e-16 2.549e-08   0           0           0           -2.3907e-16 7.3874e-22  0.0005105   0           0           0           -5.9254e-20
 -4.091e-09  8.7161e-07  0           0           0           3.0857e-05  0           0           0           0           0           0.0001991   0           0           0
 -0.00029175 -1.6756e-06 0           0           0           0           0.00065654  0           0           0           0           0           0.0052847   0           0
 1.1912e-06  -4.4641e-06 0           0           0           0           0           0.0025726   0           0           0           0           0           0.017696    0
 0           0           6.5033e-10  -1.8089e-21 2.3002e-18  0           0           0           2.5501e-08  2.0535e-23  -5.9254e-20 0           0           0           0.025501    ]


--------------------- /Ekf::predict ----------------------
---------------------- Ekf::correct ----------------------
State is:
[0.23881     0.0014118   0           0           0           0.0042832   0.32067     -6.2503e-05 0           0           0           -0.0081801  -0.3379     -2.7076e-05 0           ]

Topic is:
odom0_pose
Measurement is:
[0           0           0           0           0           0           0.30246     -9.9946e-05 0           0           0           -0.0064737  0           0           0           ]

Measurement topic name is:
odom0_pose

Measurement covariance is:
[0           0           0           0           0           0           0           0           0           0           0           0           0           0           0
 0           0           0           0           0           0           0           0           0           0           0           0           0           0           0
 0           0           1e-06       0           0           0           0           0           0           0           0           0           0           0           0
 0           0           0           1e-06       0           0           0           0           0           0           0           0           0           0           0
 0           0           0           0           1e-06       0           0           0           0           0           0           0           0           0           0
 0           0           0           0           0           0           0           0           0           0           0           0           0           0           0
 0           0           0           0           0           0           6.7261e-07  0           0           0           0           0           0           0           0
 0           0           0           0           0           0           0           1.191e-05   0           0           0           0           0           0           0
 0           0           0           0           0           0           0           0           1e-06       0           0           0           0           0           0
 0           0           0           0           0           0           0           0           0           1e-06       0           0           0           0           0
 0           0           0           0           0           0           0           0           0           0           1e-06       0           0           0           0
 0           0           0           0           0           0           0           0           0           0           0           0.00010345  0           0           0
 0           0           0           0           0           0           0           0           0           0           0           0           0           0           0
 0           0           0           0           0           0           0           0           0           0           0           0           0           0           0
 0           0           0           0           0           0           0           0           0           0           0           0           0           0           1e-06       ]

Update indices are:
[2           3           4           6           7           8           9           10          11          14          ]

Current state subset is:
[0           0           0           0.32067     -6.2503e-05 0           0           0           -0.0081801  0           ]

Measurement subset is:
[0           0           0           0.30246     -9.9946e-05 0           0           0           -0.0064737  0           ]

Measurement covariance subset is:
[1e-06       0           0           0           0           0           0           0           0           0
 0           1e-06       0           0           0           0           0           0           0           0
 0           0           1e-06       0           0           0           0           0           0           0
 0           0           0           6.7261e-07  0           0           0           0           0           0
 0           0           0           0           1.191e-05   0           0           0           0           0
 0           0           0           0           0           1e-06       0           0           0           0
 0           0           0           0           0           0           1e-06       0           0           0
 0           0           0           0           0           0           0           1e-06       0           0
 0           0           0           0           0           0           0           0           0.00010345  0
 0           0           0           0           0           0           0           0           0           1e-06       ]

State-to-measurement subset is:
[0           0           1           0           0           0           0           0           0           0           0           0           0           0           0
 0           0           0           1           0           0           0           0           0           0           0           0           0           0           0
 0           0           0           0           1           0           0           0           0           0           0           0           0           0           0
 0           0           0           0           0           0           1           0           0           0           0           0           0           0           0
 0           0           0           0           0           0           0           1           0           0           0           0           0           0           0
 0           0           0           0           0           0           0           0           1           0           0           0           0           0           0
 0           0           0           0           0           0           0           0           0           1           0           0           0           0           0
 0           0           0           0           0           0           0           0           0           0           1           0           0           0           0
 0           0           0           0           0           0           0           0           0           0           0           1           0           0           0
 0           0           0           0           0           0           0           0           0           0           0           0           0           0           1           ]

Kalman gain subset is:
[0           0           0           -0.26794    -0.00018081 0           0           0           -1.3521e-05 0
 0           0           0           -0.0015588  0.04797     0           0           0           0.0028808   0
 0.99967     4.4995e-13  -1.7881e-09 0           0           4.0849e-09  -2.8672e-17 7.2717e-14  0           8.3256e-12
 4.4995e-13  0.99935     3.5401e-18  0           0           -7.9614e-18 3.2539e-08  -1.17e-15   0           -1.1513e-20
 -1.7881e-09 3.5401e-18  0.99935     0           0           2.533e-14   1.1698e-15  3.2539e-08  0           4.5632e-17
 0           0           0           0           0           0           0           0           0.10199     0
 0           0           0           0.99568     0           0           0           0           0           0
 0           0           0           0           0.99721     0           0           0           0           0
 4.0849e-09  -7.9614e-18 2.533e-14   0           0           0.99951     7.9817e-20  -2.3e-16    0           4.8983e-10
 -2.8672e-17 3.2539e-08  1.1698e-15  0           0           7.9817e-20  0.99804     2.8296e-21  0           2.2279e-24
 7.2717e-14  -1.17e-15   3.2539e-08  0           0           -2.3e-16    2.8296e-21  0.99804     0           -6.1699e-21
 0           0           0           0           0           0           0           0           0.65807     0
 0           0           0           4.2163      0           0           0           0           0           0
 0           0           0           0           0.60313     0           0           0           0           0
 8.3256e-12  -1.1513e-20 4.5632e-17  0           0           4.8983e-10  2.2279e-24  -6.1699e-21 0           0.99996     ]

Innovation is:
[0           0           0           -0.018207   -3.7442e-05 0           0           0           0.0017064   0           ]

Corrected full state is:
[0.24369     0.0014433   0           0           0           0.0044572   0.30254     -9.9841e-05 0           0           0           -0.0070572  -0.41467    -4.9658e-05 0           ]

Corrected full estimate error covariance is:
[0.0062641   -1.2637e-05 0           0           0           -6.7896e-08 -1.8022e-07 -2.1534e-09 0           0           0           -1.3988e-09 -0.00011584 1.6563e-06  0
 -1.2637e-05 0.10302     0           0           0           1.4542e-05  -1.0485e-09 5.7132e-07  0           0           0           2.9803e-07  -6.5215e-07 -0.00012787 0
 0           0           9.9967e-07  4.4995e-19  -1.7881e-15 0           0           0           4.0849e-15  -2.8672e-23 7.2717e-20  0           0           0           8.3256e-18
 0           0           4.4995e-19  9.9935e-07  3.5401e-24  0           0           0           -7.9614e-24 3.2539e-14  -1.17e-21   0           0           0           -1.1513e-26
 0           0           -1.7881e-15 3.5401e-24  9.9935e-07  0           0           0           2.533e-20   1.1698e-21  3.2539e-14  0           0           0           4.5632e-23
 -6.7896e-08 1.4542e-05  0           0           0           0.00030788  0           0           0           0           0           1.0551e-05  0           0           0
 -1.8022e-07 -1.0485e-09 0           0           0           0           6.697e-07   0           0           0           0           0           2.8359e-06  0           0
 -2.1534e-09 5.7132e-07  0           0           0           0           0           1.1877e-05  0           0           0           0           0           7.1831e-06  0
 0           0           4.0849e-15  -7.9614e-24 2.533e-20   0           0           0           9.9951e-07  7.9817e-26  -2.3e-22    0           0           0           4.8983e-16
 0           0           -2.8672e-23 3.2539e-14  1.1698e-21  0           0           0           7.9817e-26  9.9804e-07  2.8296e-27  0           0           0           2.2279e-30
 0           0           7.2717e-20  -1.17e-21   3.2539e-14  0           0           0           -2.3e-22    2.8296e-27  9.9804e-07  0           0           0           -6.1699e-27
 -1.3988e-09 2.9803e-07  0           0           0           1.0551e-05  0           0           0           0           0           6.808e-05   0           0           0
 -0.00011584 -6.5215e-07 0           0           0           0           2.8359e-06  0           0           0           0           0           0.0025166   0           0
 1.6563e-06  -0.00012787 0           0           0           0           0           7.1831e-06  0           0           0           0           0           0.016144    0
 0           0           8.3256e-18  -1.1513e-26 4.5632e-23  0           0           0           4.8983e-16  2.2279e-30  -6.1699e-27 0           0           0           9.9996e-07  ]


---------------------- /Ekf::correct ----------------------
------ /FilterBase::processMeasurement (odom0_pose) ------
Saved state with timestamp 1660812274.4012129307 to history. 3 measurements are in the queue.

----- /RosFilter::integrateMeasurements ------

----- RosFilter::clearExpiredHistory -----
Cutoff time is 1660812274.301213026

Popped 1 measurements and 1 states from their respective queues.
---- /RosFilter::clearExpiredHistory ----
------ RosFilter::imuCallback (imu0) ------
IMU message:
header:
  seq: 45
  stamp: 1660812274.443520748
  frame_id: imu_link
orientation:
  x: 0.008129489608108997345
  y: 0.022968847304582595825
  z: -0.035176940262317657471
  w: 0.99908405542373657227
orientation_covariance[]
  orientation_covariance[0]: 0.050000000000000002776
  orientation_covariance[1]: 0
  orientation_covariance[2]: 0
  orientation_covariance[3]: 0
  orientation_covariance[4]: 0.050000000000000002776
  orientation_covariance[5]: 0
  orientation_covariance[6]: 0
  orientation_covariance[7]: 0
  orientation_covariance[8]: 0.001171901762980629997
angular_velocity:
  x: -0.0031926755327731370926
  y: -0.072367310523986816406
  z: -0.054275482892990112305
angular_velocity_covariance[]
  angular_velocity_covariance[0]: 0.10000000000000000555
  angular_velocity_covariance[1]: 0
  angular_velocity_covariance[2]: 0
  angular_velocity_covariance[3]: 0
  angular_velocity_covariance[4]: 0.10000000000000000555
  angular_velocity_covariance[5]: 0
  angular_velocity_covariance[6]: 0
  angular_velocity_covariance[7]: 0
  angular_velocity_covariance[8]: 0.01546741850849689924
linear_acceleration:
  x: -1.5897499322891235352
  y: 0.095768064260482788086
  z: 9.854534149169921875
linear_acceleration_covariance[]
  linear_acceleration_covariance[0]: 0.5
  linear_acceleration_covariance[1]: 0
  linear_acceleration_covariance[2]: 0
  linear_acceleration_covariance[3]: 0
  linear_acceleration_covariance[4]: 0.5
  linear_acceleration_covariance[5]: 0
  linear_acceleration_covariance[6]: 0
  linear_acceleration_covariance[7]: 0
  linear_acceleration_covariance[8]: 0.5
------ RosFilter::poseCallback (imu0_pose) ------
Pose message:
header:
  seq: 45
  stamp: 1660812274.443520748
  frame_id: imu_link
pose:
  pose:
    position:
      x: 0
      y: 0
      z: 0
    orientation:
      x: 0.008129489608108997345
      y: 0.022968847304582595825
      z: -0.035176940262317657471
      w: 0.99908405542373657227
  covariance[]
    covariance[0]: 0
    covariance[1]: 0
    covariance[2]: 0
    covariance[3]: 0
    covariance[4]: 0
    covariance[5]: 0
    covariance[6]: 0
    covariance[7]: 0
    covariance[8]: 0
    covariance[9]: 0
    covariance[10]: 0
    covariance[11]: 0
    covariance[12]: 0
    covariance[13]: 0
    covariance[14]: 0
    covariance[15]: 0
    covariance[16]: 0
    covariance[17]: 0
    covariance[18]: 0
    covariance[19]: 0
    covariance[20]: 0
    covariance[21]: 0.050000000000000002776
    covariance[22]: 0
    covariance[23]: 0
    covariance[24]: 0
    covariance[25]: 0
    covariance[26]: 0
    covariance[27]: 0
    covariance[28]: 0.050000000000000002776
    covariance[29]: 0
    covariance[30]: 0
    covariance[31]: 0
    covariance[32]: 0
    covariance[33]: 0
    covariance[34]: 0
    covariance[35]: 0.001171901762980629997
Update vector for imu0_pose is:
[f  f  f  f  f  t  f  f  f  f  f  f  f  f  f  ]
------ RosFilter::preparePose (imu0_pose) ------
Final target frame for imu0_pose is base_link
After rotating into the base_link frame, covariance is
[0           0           0           0           0           0
 0           0           0           0           0           0
 0           0           0           0           0           0
 0           0           0           0.05        0           0
 0           0           0           0           0.05        0
 0           0           0           0           0           0.0011719   ]


----- /RosFilter::preparePose (imu0_pose) ------
Enqueued new measurement for imu0_pose
Last message time for imu0_pose is now 1660812274.443520748

----- /RosFilter::poseCallback (imu0_pose) ------
------ RosFilter::twistCallback (imu0_twist) ------
Twist message:
header:
  seq: 45
  stamp: 1660812274.443520748
  frame_id: imu_link
twist:
  twist:
    linear:
      x: 0
      y: 0
      z: 0
    angular:
      x: -0.0031927
      y: -0.072367
      z: -0.054275
  covariance[]
    covariance[0]: 0
    covariance[1]: 0
    covariance[2]: 0
    covariance[3]: 0
    covariance[4]: 0
    covariance[5]: 0
    covariance[6]: 0
    covariance[7]: 0
    covariance[8]: 0
    covariance[9]: 0
    covariance[10]: 0
    covariance[11]: 0
    covariance[12]: 0
    covariance[13]: 0
    covariance[14]: 0
    covariance[15]: 0
    covariance[16]: 0
    covariance[17]: 0
    covariance[18]: 0
    covariance[19]: 0
    covariance[20]: 0
    covariance[21]: 0.1
    covariance[22]: 0
    covariance[23]: 0
    covariance[24]: 0
    covariance[25]: 0
    covariance[26]: 0
    covariance[27]: 0
    covariance[28]: 0.1
    covariance[29]: 0
    covariance[30]: 0
    covariance[31]: 0
    covariance[32]: 0
    covariance[33]: 0
    covariance[34]: 0
    covariance[35]: 0.015467
Update vector for imu0_twist is:
[f  f  f  f  f  f  f  f  f  f  f  t  f  f  f  ]
------ RosFilter::prepareTwist (imu0_twist) ------
Original measurement as tf object:
Linear: (0 0 0)
Rotational: (-0.0031926755327731370926 -0.072367310523986816406 -0.054275482892990112305)

Original update vector:
[f  f  f  f  f  f  f  f  f  f  f  t  f  f  f  ]

Original covariance matrix:
[0           0           0           0           0           0
 0           0           0           0           0           0
 0           0           0           0           0           0
 0           0           0           0.1         0           0
 0           0           0           0           0.1         0
 0           0           0           0           0           0.015467    ]

imu_link->base_link transform:
Origin: (0 0 0.020000000000000000416)
Rotation (RPY): (0, -0, 0)

After applying transform to base_link, update vector is:
[f  f  f  f  f  f  f  f  f  f  f  t  f  f  f  ]

After applying transform to base_link, measurement is:
Linear: (0 0 0)
Rotational: (-0.0031926755327731370926 -0.072367310523986816406 -0.054275482892990112305)

Transformed covariance is
[0           0           0           0           0           0
 0           0           0           0           0           0
 0           0           0           0           0           0
 0           0           0           0.1         0           0
 0           0           0           0           0.1         0
 0           0           0           0           0           0.015467    ]


----- /RosFilter::prepareTwist (imu0_twist) ------
Enqueued new measurement for imu0_twist_twist
Last message time for imu0_twist is now 1660812274.443520748

----- /RosFilter::twistCallback (imu0_twist) ------

----- /RosFilter::imuCallback (imu0) ------
------ RosFilter::odometryCallback (odom0) ------
Odometry message:
header:
  seq: 95
  stamp: 1660812274.443520748
  frame_id: odom
child_frame_id:
pose:
  pose:
    position:
      x: 0.49163
      y: -0.0067965
      z: 0
    orientation:
      x: 0
      y: 0
      z: -0.0077561
      w: 0.99997
  covariance[]
    covariance[0]: 6.5942e-06
    covariance[1]: 0
    covariance[2]: 0
    covariance[3]: 0
    covariance[4]: 0
    covariance[5]: 0
    covariance[6]: 0
    covariance[7]: 0.00011676
    covariance[8]: 0
    covariance[9]: 0
    covariance[10]: 0
    covariance[11]: 0
    covariance[12]: 0
    covariance[13]: 0
    covariance[14]: 0.005
    covariance[15]: 0
    covariance[16]: 0
    covariance[17]: 0
    covariance[18]: 0
    covariance[19]: 0
    covariance[20]: 0
    covariance[21]: 0.005
    covariance[22]: 0
    covariance[23]: 0
    covariance[24]: 0
    covariance[25]: 0
    covariance[26]: 0
    covariance[27]: 0
    covariance[28]: 0.005
    covariance[29]: 0
    covariance[30]: 0
    covariance[31]: 0
    covariance[32]: 0
    covariance[33]: 0
    covariance[34]: 0
    covariance[35]: 0.0010143
twist:
  twist:
    linear:
      x: 0
      y: 0
      z: 0
    angular:
      x: 0
      y: 0
      z: 0
  covariance[]
    covariance[0]: 0
    covariance[1]: 0
    covariance[2]: 0
    covariance[3]: 0
    covariance[4]: 0
    covariance[5]: 0
    covariance[6]: 0
    covariance[7]: 0
    covariance[8]: 0
    covariance[9]: 0
    covariance[10]: 0
    covariance[11]: 0
    covariance[12]: 0
    covariance[13]: 0
    covariance[14]: 0
    covariance[15]: 0
    covariance[16]: 0
    covariance[17]: 0
    covariance[18]: 0
    covariance[19]: 0
    covariance[20]: 0
    covariance[21]: 0
    covariance[22]: 0
    covariance[23]: 0
    covariance[24]: 0
    covariance[25]: 0
    covariance[26]: 0
    covariance[27]: 0
    covariance[28]: 0
    covariance[29]: 0
    covariance[30]: 0
    covariance[31]: 0
    covariance[32]: 0
    covariance[33]: 0
    covariance[34]: 0
    covariance[35]: 0
------ RosFilter::poseCallback (odom0_pose) ------
Pose message:
header:
  seq: 95
  stamp: 1660812274.443520748
  frame_id: odom
pose:
  pose:
    position:
      x: 0.49163
      y: -0.0067965
      z: 0
    orientation:
      x: 0
      y: 0
      z: -0.0077561
      w: 0.99997
  covariance[]
    covariance[0]: 6.5942e-06
    covariance[1]: 0
    covariance[2]: 0
    covariance[3]: 0
    covariance[4]: 0
    covariance[5]: 0
    covariance[6]: 0
    covariance[7]: 0.00011676
    covariance[8]: 0
    covariance[9]: 0
    covariance[10]: 0
    covariance[11]: 0
    covariance[12]: 0
    covariance[13]: 0
    covariance[14]: 0.005
    covariance[15]: 0
    covariance[16]: 0
    covariance[17]: 0
    covariance[18]: 0
    covariance[19]: 0
    covariance[20]: 0
    covariance[21]: 0.005
    covariance[22]: 0
    covariance[23]: 0
    covariance[24]: 0
    covariance[25]: 0
    covariance[26]: 0
    covariance[27]: 0
    covariance[28]: 0.005
    covariance[29]: 0
    covariance[30]: 0
    covariance[31]: 0
    covariance[32]: 0
    covariance[33]: 0
    covariance[34]: 0
    covariance[35]: 0.0010143
Update vector for odom0_pose is:
[t  t  f  f  f  t  f  f  f  f  f  f  f  f  f  ]
------ RosFilter::preparePose (odom0_pose) ------
Final target frame for odom0_pose is odom
After rotating into the odom frame, covariance is
[6.5942e-06  0           0           0           0           0
 0           0.00011676  0           0           0           0
 0           0           0.005       0           0           0
 0           0           0           0.005       0           0
 0           0           0           0           0.005       0
 0           0           0           0           0           0.0010143   ]

Previous measurement:
Origin: (0.48530519008636474609 -0.0066972589120268821716 0)
Rotation (RPY): (0, 0, -0.015182098373770715541)

After removing previous measurement, measurement delta is:
Origin: (0.0063215819288791859701 -3.2299358025435616305e-06 0)
Rotation (RPY): (0, 0, -0.00033033080399036315314)

After rotating to the target frame, measurement delta is:
Origin: (0.0063215819288791859701 -3.2299358025435616305e-06 0)
Rotation (RPY): (0, 0, -0.00033033080399036315314)

Previous message time was 1660812274.4012129307, current message time is 1660812274.4435207844, delta is 0.04230785369873046875, velocity is (vX, vY, vZ): (0.14941863924117892992, -7.6343645923132293172e-05, 0)
(vRoll, vPitch, vYaw): (0, 0, -0.0078077892190563987634)
Previous measurement covariance:
[6.5942e-06  0           0           0           0           0
 0           0.00011676  0           0           0           0
 0           0           0.005       0           0           0
 0           0           0           0.005       0           0
 0           0           0           0           0.005       0
 0           0           0           0           0           0.0010143   ]

Previous measurement covariance rotated:
[6.5942e-06  0           0           0           0           0
 0           0.00011676  0           0           0           0
 0           0           0.005       0           0           0
 0           0           0           0.005       0           0
 0           0           0           0           0.005       0
 0           0           0           0           0           0.0010143   ]

Final twist covariance:
[5.5797e-07  0           0           0           0           0
 0           9.8799e-06  0           0           0           0
 0           0           0.00042308  0           0           0
 0           0           0           0.00042308  0           0
 0           0           0           0           0.00042308  0
 0           0           0           0           0           8.5822e-05  ]

------ RosFilter::prepareTwist (odom0_pose_twist) ------
Original measurement as tf object:
Linear: (0.14941863924117892992 -7.6343645923132293172e-05 0)
Rotational: (0 0 -0.0078077892190563987634)

Original update vector:
[f  f  f  f  f  f  t  t  f  f  f  t  f  f  f  ]

Original covariance matrix:
[5.5797e-07  0           0           0           0           0
 0           9.8799e-06  0           0           0           0
 0           0           0.00042308  0           0           0
 0           0           0           0.00042308  0           0
 0           0           0           0           0.00042308  0
 0           0           0           0           0           8.5822e-05  ]

base_link->base_link transform:
Origin: (0 0 0)
Rotation (RPY): (0, -0, 0)

After applying transform to base_link, update vector is:
[f  f  f  f  f  f  t  t  f  f  f  t  f  f  f  ]

After applying transform to base_link, measurement is:
Linear: (0.14941863924117892992 -7.6343645923132293172e-05 0)
Rotational: (0 0 -0.0078077892190563987634)

Transformed covariance is
[5.5797e-07  0           0           0           0           0
 0           9.8799e-06  0           0           0           0
 0           0           0.00042308  0           0           0
 0           0           0           0.00042308  0           0
 0           0           0           0           0.00042308  0
 0           0           0           0           0           8.5822e-05  ]


----- /RosFilter::prepareTwist (odom0_pose_twist) ------

----- /RosFilter::preparePose (odom0_pose) ------
Enqueued new measurement for odom0_pose
Last message time for odom0_pose is now 1660812274.443520748

----- /RosFilter::poseCallback (odom0_pose) ------

----- /RosFilter::odometryCallback (odom0) ------
------ RosFilter::integrateMeasurements ------

Integration time is 1660812274.573464632
3 measurements in queue.
------ FilterBase::processMeasurement (imu0_pose) ------
Filter is already initialized. Carrying out predict/correct loop...
Measurement time is 1660812274.4435207844, last measurement time is 1660812274.4012129307, delta is 0.04230785369873046875
---------------------- Ekf::predict ----------------------
